0 0.0110746 0 0 668.449 0.000748663 0
1.21528 0.597569 3.03931e-06 0 668.446 0.0232085 0
2.43056 1.67688 2.32128e-05 0 668.439 0.0456682 0
3.64583 3.25062 7.72504e-05 0 668.426 0.0681276 0
4.86111 5.32116 0.000182135 0 668.409 0.0905864 0
6.07639 7.89161 0.000355209 0 668.386 0.113045 0
7.29167 10.9659 0.000614286 0 668.359 0.135502 0
8.50694 14.5489 0.000977771 0 668.326 0.157958 0
9.72222 18.6461 0.00146479 0 668.288 0.180413 0
10.9375 23.2642 0.00209535 0 668.245 0.202867 0
12.1528 28.4106 0.00289046 0 668.197 0.225319 0
13.3681 34.0942 0.00387236 0 668.143 0.247769 0
14.5833 40.3245 0.00506469 0 668.084 0.270217 0
15.7986 47.1126 0.00649275 0 668.019 0.292662 0
17.0139 54.4709 0.00818373 0 667.949 0.315105 0
18.2292 62.4133 0.0101671 0 667.873 0.337545 0
19.4444 70.9555 0.0124749 0 667.79 0.359982 0
20.6597 80.1148 0.0151422 0 667.702 0.382415 0
21.875 89.9108 0.0182078 0 667.607 0.404845 0
23.0903 100.366 0.0217145 0 667.506 0.427269 0
24.3056 111.504 0.0257104 0 667.397 0.449689 0
25.5208 123.354 0.0302493 0 667.282 0.472104 0
26.7361 135.947 0.0353923 0 667.159 0.494512 0
27.9514 149.32 0.0412094 0 667.029 0.516914 0
29.1667 163.513 0.0477811 0 666.89 0.539308 0
30.3819 178.574 0.0552011 0 666.743 0.561694 0
31.5972 194.558 0.0635797 0 666.586 0.58407 0
32.8125 211.529 0.0730482 0 666.419 0.606435 0
34.0278 229.564 0.083765 0 666.242 0.628788 0
35.2431 248.752 0.0959243 0 666.053 0.651126 0
36.4583 269.205 0.109768 0 665.852 0.673448 0
37.6736 291.058 0.125605 0 665.637 0.695749 0
38.8889 314.481 0.143837 0 665.406 0.718027 0
40.1042 339.695 0.165007 0 665.157 0.740275 0
41.3194 366.993 0.189872 0 664.887 0.762486 0
42.5347 396.783 0.219548 0 664.592 0.784649 0
43.75 429.665 0.255787 0 664.266 0.806747 0
44.9653 466.597 0.301624 0 663.9 0.828748 0
46.1806 509.325 0.363183 0 663.476 0.850593 0
47.3958 561.894 0.456939 0 662.954 0.872115 0
48.6111 645.67 0.711447 0 662.119 0.89203 0
49.8264 2077.46 42.9127 0 647.804 0.492478 0
51.0417 3596.16 88.0077 0 632.62 0.0639872 0
52.2569 5114.84 133.102 0 617.437 -0.364495 0
53.4722 6633.51 178.196 0 602.253 -0.792973 0
54.6875 8152.16 223.289 0 587.07 -1.22145 0
55.9028 9670.82 268.383 0 571.886 -1.64993 0
57.1181 11189.5 313.476 0 556.703 -2.0784 0
58.3333 12708.1 358.57 0 541.52 -2.50687 0
59.5486 14226.8 403.663 0 526.336 -2.93535 0
60.7639 15745.4 448.756 0 511.153 -3.36382 0
61.9792 17264.1 493.85 0 495.97 -3.79229 0
63.1944 18782.7 538.943 0 480.786 -4.22077 0
64.4097 20301.4 584.036 0 465.603 -4.64924 0
65.625 21820 629.129 0 450.42 -5.07771 0
66.8403 23338.6 674.223 0 435.237 -5.50618 0
68.0556 24857.3 719.316 0 420.053 -5.93466 0
69.2708 26375.9 764.409 0 404.87 -6.36313 0
70.4861 27894.6 809.502 0 389.687 -6.7916 0
71.7014 29413.2 854.595 0 374.503 -7.22007 0
72.9167 30931.9 899.689 0 359.32 -7.64854 0
74.1319 32450.5 944.782 0 344.137 -8.07701 0
75.3472 33969.1 989.875 0 328.954 -8.50549 0
76.5625 35487.8 1034.97 0 313.77 -8.93396 0
77.7778 37006.4 1080.06 0 298.587 -9.36243 0
78.9931 38525.1 1125.15 0 283.404 -9.7909 0
80.2083 40043.7 1170.25 0 268.221 -10.2194 0
81.4236 41562.4 1215.34 0 253.037 -10.6478 0
82.6389 43081 1260.43 0 237.854 -11.0763 0
83.8542 44599.6 1305.53 0 222.671 -11.5048 0
85.0694 46118.3 1350.62 0 207.488 -11.9333 0
86.2847 47636.9 1395.71 0 192.304 -12.3617 0
87.5 49155.6 1440.81 0 177.121 -12.7902 0
88.7153 50674.2 1485.9 0 161.938 -13.2187 0
89.9306 52192.8 1530.99 0 146.755 -13.6471 0
91.1458 53711.5 1576.09 0 131.571 -14.0756 0
92.3611 55230.1 1621.18 0 116.388 -14.5041 0
93.5764 56748.8 1666.27 0 101.205 -14.9326 0
94.7917 58267.4 1711.36 0 86.0216 -15.361 0
96.0069 59786 1756.46 0 70.8384 -15.7895 0
97.2222 61304.7 1801.55 0 55.6551 -16.218 0
98.4375 62823.3 1846.64 0 40.4719 -16.6464 0
99.6528 64342 1891.74 0 25.2887 -17.0749 0
100.868 65860.6 1936.83 0 10.1054 -17.5034 0
102.083 67379.2 1981.92 0 -5.07783 -17.9319 0
103.299 68897.9 2027.02 0 -20.2611 -18.3603 0
104.514 70416.5 2072.11 0 -35.4443 -18.7888 0
105.729 71935.2 2117.2 0 -50.6276 -19.2173 0
106.944 73453.8 2162.3 0 -65.8108 -19.6457 0
108.16 74972.4 2207.39 0 -80.994 -20.0742 0
109.375 76491.1 2252.48 0 -96.1773 -20.5027 0
110.59 78009.7 2297.57 0 -111.361 -20.9311 0
111.806 79528.4 2342.67 0 -126.544 -21.3596 0
113.021 81047 2387.76 0 -141.727 -21.7881 0
114.236 82565.6 2432.85 0 -156.91 -22.2166 0
115.451 84084.3 2477.95 0 -172.093 -22.645 0
116.667 85602.9 2523.04 0 -187.277 -23.0735 0
117.882 87121.6 2568.13 0 -202.46 -23.502 0
119.097 88640.2 2613.23 0 -217.643 -23.9304 0
120.312 90158.8 2658.32 0 -232.826 -24.3589 0
121.528 91677.5 2703.41 0 -248.01 -24.7874 0
122.743 93196.1 2748.51 0 -263.193 -25.2159 0
123.958 94714.8 2793.6 0 -278.376 -25.6443 0
125.174 96233.4 2838.69 0 -293.559 -26.0728 0
126.389 97752 2883.78 0 -308.743 -26.5013 0
127.604 99270.7 2928.88 0 -323.926 -26.9297 0
128.819 100789 2973.97 0 -339.109 -27.3582 0
130.035 102308 3019.06 0 -354.292 -27.7867 0
131.25 103827 3064.16 0 -369.476 -28.2152 0
132.465 105345 3109.25 0 -384.659 -28.6436 0
133.681 106864 3154.34 0 -399.842 -29.0721 0
134.896 108383 3199.44 0 -415.025 -29.5006 0
136.111 109901 3244.53 0 -430.208 -29.929 0
137.326 111420 3289.62 0 -445.392 -30.3575 0
138.542 112938 3334.72 0 -460.575 -30.786 0
139.757 114457 3379.81 0 -475.758 -31.2144 0
140.972 115976 3424.9 0 -490.941 -31.6429 0
142.188 117494 3469.99 0 -506.125 -32.0714 0
143.403 119013 3515.09 0 -521.308 -32.4999 0
144.618 120532 3560.18 0 -536.491 -32.9283 0
145.833 122050 3605.27 0 -551.674 -33.3568 0
147.049 123569 3650.37 0 -566.858 -33.7853 0
148.264 125088 3695.46 0 -582.041 -34.2137 0
149.479 126606 3740.55 0 -597.224 -34.6422 0
150.694 128125 3785.65 0 -612.407 -35.0707 0
151.91 129643 3830.74 0 -627.59 -35.4992 0
153.125 131162 3875.83 0 -642.774 -35.9276 0
154.34 132681 3920.93 0 -657.957 -36.3561 0
155.556 134199 3966.02 0 -673.14 -36.7846 0
156.771 135718 4011.11 0 -688.323 -37.213 0
157.986 137237 4056.2 0 -703.507 -37.6415 0
159.201 138755 4101.3 0 -718.69 -38.07 0
160.417 140274 4146.39 0 -733.873 -38.4984 0
161.632 141793 4191.48 0 -749.056 -38.9269 0
162.847 143311 4236.58 0 -764.24 -39.3554 0
164.062 144830 4281.67 0 -779.423 -39.7839 0
165.278 146348 4326.76 0 -794.606 -40.2123 0
166.493 147867 4371.86 0 -809.789 -40.6408 0
167.708 149386 4416.95 0 -824.972 -41.0693 0
168.924 150904 4462.04 0 -840.156 -41.4977 0
170.139 152423 4507.13 0 -855.339 -41.9262 0
171.354 153942 4552.23 0 -870.522 -42.3547 0
172.569 155460 4597.32 0 -885.705 -42.7832 0
173.785 156979 4642.41 0 -900.889 -43.2116 0
175 158498 4687.51 0 -916.072 -43.6401 0
176.215 160016 4732.6 0 -931.255 -44.0686 0
177.431 161535 4777.69 0 -946.438 -44.497 0
178.646 163054 4822.79 0 -961.622 -44.9255 0
179.861 164572 4867.88 0 -976.805 -45.354 0
181.076 166091 4912.97 0 -991.988 -45.7824 0
182.292 167609 4958.07 0 -1007.17 -46.2109 0
183.507 169128 5003.16 0 -1022.35 -46.6394 0
184.722 170647 5048.25 0 -1037.54 -47.0679 0
185.938 172165 5093.34 0 -1052.72 -47.4963 0
187.153 173684 5138.44 0 -1067.9 -47.9248 0
188.368 175203 5183.53 0 -1083.09 -48.3533 0
189.583 176721 5228.62 0 -1098.27 -48.7817 0
190.799 178240 5273.72 0 -1113.45 -49.2102 0
192.014 179759 5318.81 0 -1128.64 -49.6387 0
193.229 181277 5363.9 0 -1143.82 -50.0672 0
194.444 182796 5409 0 -1159 -50.4956 0
195.66 184314 5454.09 0 -1174.19 -50.9241 0
196.875 185833 5499.18 0 -1189.37 -51.3526 0
198.09 187352 5544.27 0 -1204.55 -51.781 0
199.306 188870 5589.37 0 -1219.74 -52.2095 0
200.521 190389 5634.46 0 -1234.92 -52.638 0
201.736 191908 5679.55 0 -1250.1 -53.0664 0
202.951 193426 5724.65 0 -1265.29 -53.4949 0
204.167 194945 5769.74 0 -1280.47 -53.9234 0
205.382 196464 5814.83 0 -1295.65 -54.3519 0
206.597 197982 5859.93 0 -1310.84 -54.7803 0
207.812 199501 5905.02 0 -1326.02 -55.2088 0
209.028 201019 5950.11 0 -1341.2 -55.6373 0
210.243 202538 5995.21 0 -1356.39 -56.0657 0
211.458 204057 6040.3 0 -1371.57 -56.4942 0
212.674 205575 6085.39 0 -1386.75 -56.9227 0
213.889 207094 6130.48 0 -1401.94 -57.3512 0
215.104 208613 6175.58 0 -1417.12 -57.7796 0
216.319 210131 6220.67 0 -1432.3 -58.2081 0
217.535 211650 6265.76 0 -1447.48 -58.6366 0
218.75 213169 6310.86 0 -1462.67 -59.065 0
219.965 214687 6355.95 0 -1477.85 -59.4935 0
221.181 216206 6401.04 0 -1493.03 -59.922 0
222.396 217724 6446.14 0 -1508.22 -60.3504 0
223.611 219243 6491.23 0 -1523.4 -60.7789 0
224.826 220762 6536.32 0 -1538.58 -61.2074 0
226.042 222280 6581.41 0 -1553.77 -61.6359 0
227.257 223799 6626.51 0 -1568.95 -62.0643 0
228.472 225318 6671.6 0 -1584.13 -62.4928 0
229.688 226836 6716.69 0 -1599.32 -62.9213 0
230.903 228355 6761.79 0 -1614.5 -63.3497 0
232.118 229874 6806.88 0 -1629.68 -63.7782 0
233.333 231392 6851.97 0 -1644.87 -64.2067 0
234.549 232911 6897.07 0 -1660.05 -64.6352 0
235.764 234430 6942.16 0 -1675.23 -65.0636 0
236.979 235948 6987.25 0 -1690.42 -65.4921 0
238.194 237467 7032.35 0 -1705.6 -65.9206 0
239.41 238985 7077.44 0 -1720.78 -66.349 0
240.625 240504 7122.53 0 -1735.97 -66.7775 0
241.84 242023 7167.62 0 -1751.15 -67.206 0
243.056 243541 7212.72 0 -1766.33 -67.6344 0
244.271 245060 7257.81 0 -1781.52 -68.0629 0
245.486 246579 7302.9 0 -1796.7 -68.4914 0
246.701 248097 7348 0 -1811.88 -68.9199 0
247.917 249616 7393.09 0 -1827.07 -69.3483 0
249.132 251135 7438.18 0 -1842.25 -69.7768 0
250.347 252653 7483.28 0 -1857.43 -70.2053 0
251.562 254172 7528.37 0 -1872.62 -70.6337 0
252.778 255690 7573.46 0 -1887.8 -71.0622 0
253.993 257209 7618.55 0 -1902.98 -71.4907 0
255.208 258728 7663.65 0 -1918.16 -71.9191 0
256.424 260246 7708.74 0 -1933.35 -72.3476 0
257.639 261765 7753.83 0 -1948.53 -72.7761 0
258.854 263284 7798.93 0 -1963.71 -73.2046 0
260.069 264802 7844.02 0 -1978.9 -73.633 0
261.285 266321 7889.11 0 -1994.08 -74.0615 0
262.5 267840 7934.21 0 -2009.26 -74.49 0
263.715 269358 7979.3 0 -2024.45 -74.9184 0
264.931 270877 8024.39 0 -2039.63 -75.3469 0
266.146 272395 8069.48 0 -2054.81 -75.7754 0
267.361 273914 8114.58 0 -2070 -76.2039 0
268.576 275433 8159.67 0 -2085.18 -76.6323 0
269.792 276951 8204.76 0 -2100.36 -77.0608 0
271.007 278470 8249.86 0 -2115.55 -77.4893 0
272.222 279989 8294.95 0 -2130.73 -77.9177 0
273.438 281507 8340.04 0 -2145.91 -78.3462 0
274.653 283026 8385.14 0 -2161.1 -78.7747 0
275.868 284545 8430.23 0 -2176.28 -79.2031 0
277.083 286063 8475.32 0 -2191.46 -79.6316 0
278.299 287582 8520.42 0 -2206.65 -80.0601 0
279.514 289101 8565.51 0 -2221.83 -80.4886 0
280.729 290619 8610.6 0 -2237.01 -80.917 0
281.944 292138 8655.69 0 -2252.2 -81.3455 0
283.16 293656 8700.79 0 -2267.38 -81.774 0
284.375 295175 8745.88 0 -2282.56 -82.2024 0
285.59 296694 8790.97 0 -2297.75 -82.6309 0
286.806 298212 8836.07 0 -2312.93 -83.0594 0
288.021 299731 8881.16 0 -2328.11 -83.4879 0
289.236 301250 8926.25 0 -2343.3 -83.9163 0
290.451 302768 8971.35 0 -2358.48 -84.3448 0
291.667 304287 9016.44 0 -2373.66 -84.7733 0
292.882 305806 9061.53 0 -2388.84 -85.2017 0
294.097 307324 9106.62 0 -2404.03 -85.6302 0
295.312 308843 9151.72 0 -2419.21 -86.0587 0
296.528 310361 9196.81 0 -2434.39 -86.4871 0
297.743 311880 9241.9 0 -2449.58 -86.9156 0
298.958 313399 9287 0 -2464.76 -87.3441 0
300.174 314917 9332.09 0 -2479.94 -87.7726 0
301.389 316436 9377.18 0 -2495.13 -88.201 0
302.604 317955 9422.28 0 -2510.31 -88.6295 0
303.819 319473 9467.37 0 -2525.49 -89.058 0
305.035 320992 9512.46 0 -2540.68 -89.4864 0
306.25 322511 9557.56 0 -2555.86 -89.9149 0
307.465 324029 9602.65 0 -2571.04 -90.3434 0
308.681 325548 9647.74 0 -2586.23 -90.7718 0
309.896 327066 9692.83 0 -2601.41 -91.2003 0
311.111 328585 9737.93 0 -2616.59 -91.6288 0
312.326 330104 9783.02 0 -2631.78 -92.0573 0
313.542 331622 9828.11 0 -2646.96 -92.4857 0
314.757 333141 9873.21 0 -2662.14 -92.9142 0
315.972 334660 9918.3 0 -2677.33 -93.3427 0
317.188 336178 9963.39 0 -2692.51 -93.7711 0
318.403 337697 10008.5 0 -2707.69 -94.1996 0
319.618 339216 10053.6 0 -2722.88 -94.6281 0
320.833 340734 10098.7 0 -2738.06 -95.0566 0
322.049 342253 10143.8 0 -2753.24 -95.485 0
323.264 343771 10188.9 0 -2768.43 -95.9135 0
324.479 345290 10234 0 -2783.61 -96.342 0
325.694 346809 10279 0 -2798.79 -96.7704 0
326.91 348327 10324.1 0 -2813.98 -97.1989 0
328.125 349846 10369.2 0 -2829.16 -97.6274 0
329.34 351365 10414.3 0 -2844.34 -98.0558 0
330.556 352883 10459.4 0 -2859.52 -98.4843 0
331.771 354402 10504.5 0 -2874.71 -98.9128 0
332.986 355921 10549.6 0 -2889.89 -99.3413 0
334.201 357439 10594.7 0 -2905.07 -99.7697 0
335.417 358958 10639.8 0 -2920.26 -100.198 0
336.632 360477 10684.9 0 -2935.44 -100.627 0
337.847 361995 10730 0 -2950.62 -101.055 0
339.062 363514 10775.1 0 -2965.81 -101.484 0
340.278 365032 10820.2 0 -2980.99 -101.912 0
341.493 366551 10865.3 0 -2996.17 -102.341 0
342.708 368070 10910.3 0 -3011.36 -102.769 0
343.924 369588 10955.4 0 -3026.54 -103.197 0
345.139 371107 11000.5 0 -3041.72 -103.626 0
346.354 372626 11045.6 0 -3056.91 -104.054 0
347.569 374144 11090.7 0 -3072.09 -104.483 0
348.785 375663 11135.8 0 -3087.27 -104.911 0
350 377182 11180.9 0 -3102.46 -105.34 0
351.215 378700 11226 0 -3117.64 -105.768 0
352.431 380219 11271.1 0 -3132.82 -106.197 0
353.646 381737 11316.2 0 -3148.01 -106.625 0
354.861 383256 11361.3 0 -3163.19 -107.054 0
356.076 384775 11406.4 0 -3178.37 -107.482 0
357.292 386293 11451.5 0 -3193.56 -107.911 0
358.507 387812 11496.6 0 -3208.74 -108.339 0
359.722 389331 11541.6 0 -3223.92 -108.768 0
360.938 390849 11586.7 0 -3239.11 -109.196 0
362.153 392368 11631.8 0 -3254.29 -109.625 0
363.368 393887 11676.9 0 -3269.47 -110.053 0
364.583 395405 11722 0 -3284.65 -110.481 0
